SU_A25
54*35|9|1
1.1695*3.8252|0|0
-160,-30
Border: Solid
0,14,30|0,16,30|1,19,30|1,20,25|1,21,30|0,23,25|1,29,17|0,35,8|1,41,27|



0

1|1|1|1|1|1|1|1|1|1|1|1|1|1|1|1|1|1|1|1|1|1|1|1|1|1|1|1|1|1|1|1|1|1|1|1|1|1|1|1|1|1|1|1|1|1|1|1|1|1|1|1|1|1|1|1|1|1|1|1|1|1|1|1|1|1|1|1|1|1|1|1|1|1|1|1|1|1|1|1|1|1|1|1|1|1|0,6|1|1|1|1|1|1|1|1|1|1|1|1|1|1|1|1|1|1|1,4,3|1,3|1,3|1,3|1|1|1|1|1|1|1|1|1|1|0,6|1|1|1|1|1|1,3|1,3|1,3|1,3|1,3|1,3|1,3|1,3|1,3|1,3|1,3|1,3|1,3|1,3|1,4,3|1|1|1|1,3|1|1|1|1|1|1|1|1|1|1|1|1|1|1|1|1|1,3|1|1|1|1|1|1|1|1|1|1|1|1|1|1|1|1|1|1,3|1|1|1|1|1|1|1|1|1|1|1|1|1|1|1|1|1,3|1|1|1|1,9,3|1|0,6|0,6|0,6|0,6|1|1|1|1|1|1|1|1|1,3|1|1|1|1|1|1|1|1|1|1|1|1|1|1|1|1|4,3,6|1|1|1|1,3|1|0,6|1|1|0,6|1|1|1|1|1|1|1|1|1,3|1|1|1|1|1|1|1|1|1|1|1|1|1|1|1|1|0,6|1|1|1|1,3|1|0,6|1|1|0,6|1|1|1|1|1|1|1|1|1,3|1|1|1|1|1|1|1|1|1|1|2,6|0,6|2,6|1|1|2|0|0|1|1|4,3,3,6|1|0,6|1|0,6|0,6|1|1|1|1|1|1|1|1|1,3|1|1|1|1|1|1|1|1|2,6|0|0|0|0|0|0,6|0|0|0|2|1|3,6|1|0,6|1|0,6|1|1|1|1|1|1|1|1|1|1,3|1|1|1|1|1|1|1|1|0|0|0|0|0|0|0,6|0|0|0|0|0|0,6|1|0,6|1|0,6|1|1|1|1|1|1|1|1|1|1,3|1|1|1|1|1|1|2,6|0|0|0|0|0|0|0|0,6|0,6|0|0|0|0|0,6|3,6|0|1|0,6|1|1|1|1|1|1|1|1|1|1,3|1|1|1|1|1|1|0,6|0,6|0,6|0,6|0,6|0|0|0|0,6|0,6|0|0|0|0|0,6|1|0|1|0|2|1|1|1|1|1|1|1|1|1,3|1|1|1|1|1|1|1|2|0|0|0,6|0|0|0|0,6|0,6|0|0|0|0|0|1|0|1|0|0|1|1|1|1|1|1|1|1|1,3|1|1|1|1|1|1|1|1|0|0|0,6|0|0|0|0,6|0,6|0|0|0|0|0|1|0|1|0|0|1|1|1|1|1|1|1|1|1,3|1,3|1,3|1,3|1,3|1,3|1,3|4,3,6|0,1,6|0,1|0,1|0,1,6|0|0|0|0,6|0|0|0|0|0|0|1|0|1|0|0|1|1|1|1|1|1|1|1|1|1|1|1|1|1|1|1|1|0|0|0,6|0|0|0|0,6|0|0|0|0|0|0|1|1|1|0|0|1|1|1|1|1|1,3|1,3|1,3|1,3|1,3|1,3|1,3|1,3|1,3|1,3|4,3,6|0,1,6|0,1|0|0,6|0|0|0|0,6|0|0|0|0,1|0,1|0,1|1|1|1|0,1|0,1|3,1,6|4,3,6|1,3|1,3|1,9,3|1|1|1|1|1|1|1|1|1|1|1|1|0|0|0,6|0|0|0|0,6|0|0|0|0|0|0|1|1|1|0|0|1|1|1|1|1|1|1,3|1,3|1,3|1,3|1,3|1,3|1,3|1,3|1,3|4,3,6|0,1,6|0,1|0,1|0,1,6|0,1|0,1|0|0,6|0|0|0|0|0|0|1|0|1|0|0|1|1|1|1|1|1|1|1|1|1|1|1|1|1|1|1|1|0|0|0,6|0|0|0|0,6|0|0|0|0|0|0|3,6|0|1|0|0|1|1|1|1|1|1|1|1|1|1|1|1|1|1|1|1|2|0|0|0,6|0|0|0|0,6|0|0|0|0|0|0|1|0|1|0|0|1|1|1|1|1|1|1|1|1|1|1|1|1|1|1|0,6|0|0|0|0,6|0|0|0|0,6|0|0,6|0,6|0,6|0,6|0,6|1|0,6|1|0,6|2,6|1|1|1|1|1|1|1|1|1|1|1|1|1|1|1|0,6|0|0|0|0,6|0|0|0|0,6|0|0,6|0|0|0|0|1|0|1|0|1|1|1|1|1|1|1|1|1|1|1|1|1|1|1|1|0,6|0|0|0|0,6|0|0|0|0,6|0|0,6|0|0|0|0,6|1|0|3,6|0|0,6|1|1,3|1,3|1,3|1|1|1|1|1|1|1|1|1|1|1|0,6|0|0|0|0,6|0|0|0,6|0,6|0,6|0,6|0,6|0,6|0,6|0,6|1|1|1|1|0,6|1|1,3|1|1,3|1|1|1|1|1|1|1|1|1|1|1|0,6|0|0|0|0,6|0,6|0,7,6|1|1|1|1|1|1|1|0,6|1|1|1|1|0,6|1|1,3|1|1,3|1|1|1|1|1|1|1,12,3|1|1,9,3|1|1|2,6|0|0|0|0|0|0|1|1|1|1|1|1|1|0,6|1|1|1|1|0,6|1|1,3|1|1,5,3|1|1|1|1|1|1|1,3|1|1,3|1|1|1|0|0|0|0|0|0|1|1|1|1|1|1|1|0,6|1|1|1|1|0,6|1|4,3,3,6|1|1|1|1|1|1|1|1|1,3|1|1,3|1|1|1|2,6|0,6|0,6|0,6|0,6|0,6|1|1|1|1|1|1|1|0,6|1|1|1|0,6|0,6|1|3,6|1|1|1|1|1|1|1|1|1,3|1|1,3|1|1|1|1|0|0|0|0|0|0,6|0,6|0,6|0,6|0,6|0,6|0,6|0,6|1|1|1|0,6|2,6|0,6|0,6|2,6|1|1|1|1|0,6|1|1|4,3,6|1|4,3,6|1|1|2,6|0|0|0|0|0|0|0|0,6|0|0,6|0,6|0|0|0,6|1|0,6|1|0|0|0|0|0,6|0,6|1|0,6|1|0|1|1|0,6|1|0,6|1|2|0|0|0|0|0|0|0|0|0,6|0|0,6|0,6|0|0|0,6|1|0,6|1|0|0|0|0|0|0,6|2,6|0|1|0|1|0|0|0|0|1|0|0|0|0|0|0|0|0|0|0,6|0|0,6|0,6|0|0|0|1|0|1|0|0|0|0|0|0|0,6|0|1|0|1|0|0|0|0|1|0|0|0|0|0|0|0|0|0|0,6|0|0,6|0,6|0|0|0|1|0|1|0|0|0|0|0|0|0|0|1|1|1|0|0|0|0|3,6|0|0|0|0|0|0|0|0|0|0,6|0|0,6|0|0|0|0|1|1|1|0|0|0|0|0|0|0|0,1|1|1|1|0,1|0,1|0,1|0,1|3,1,6|0,1|0,1|0,1|0,1|0,1|0,1|0,1|0,1|0,1|0,1,6|0,1|0,1,6|0,1|0,1|0,1|0,1|1|1|1|0|0|0|0|0|0|0|0|1|1|1|0|0|0|0|3,6|0|0|0|0|0|0|0|0|0|0,6|0|0,6|0|0|0|0|1|1|1|0|0|0|0|0|0|0|0|1|0|1|0|0|0|0|1|0|0|0|0|0|0|0|0|0|0,6|0|0,6|0|0|0|0|1|0|1|0|0|0|0|0|0|0|0|1|0|1|0|0|0|0|1|0|0|0|0|0|0|0|0|0|0,6|0|0,6|0|0|0|0,6|3,6|0|3,6|0|0|0|0|0|0|0|0,6|1|0|1|1|0,6|1|0,6|1|2|0|0|0|0|0|0|0|0|0,6|0|0,6|0|0|0|0,6|1|0|1|0|0|0|0|0|0|0|2,6|1|0,6|1|1|4,3,6|1|4,3,6|1|1|2|0|0|0|0|0|0|0|0,6|0|0,6|0|0|0,6|0,6|1|0,6|1|0|0|0|0|0|0|0,6|1|1|1|1|1|1,3|1|1,3|1|1|1|0|0|0|0|0|0|0,6|0,6|0,6|0,6|0,6|0,6|0,6|0,7,6|1|0,6|1|0|0|0|0|0|0,6|0,6|1|1|1|1|1|1,3|1|1,3|1|1|1|0,6|0|0|0|0|0|1|1|1|1|1|1|1|0,6|1|0,6|1|1|1|1|2,6|0,6|2,6|1|1|1|1|1|1|1,3|1|1,3|1|1|1|1|2,6|0,6|1|1|1|1|1|1|1|1|1|1|0,6|1|0,6|1|1|1|1|1|1|1|1|1|1|1|1|1|1,3|1|1,3|1|1|1|1|1|0,6|1|1|1|1|1|1|1|1|1|1|0,6|1|0,6|1|1|1|1|1|1|1|1|1|1|1|1|1|1,3|1|1,3|1|1|1|1|1|0,6|1|1|1|1|1|1|1|1|1|1|0,6|1|0,6|1|1|1|1|1|1|1|1|1|1|1|1|1|1,3|1|1,3|1|1|1|1|1|0,6|1|1|1|1|1|1|1|1|1|1|0,6|1|0,6|1|1|1|1|1|1|1|1|1|1|1|1|1|1|1|1,3|1|1|1|1|1|0,6|0,6|0,6|0,6|0,6|0,6|0,6|0,6|0,6|0,6|0,6|0,6|1|0,6|0,6|0,6|4,3,6|1,3|1,3|1,3|1,3|1,4,3|1|1|1|1|1|1|1|1,3|1|1|1|1|1|1|1|1|1|1|1|1|1|1|1|1|1|1|1|1|1|1|1|1|1|1|1|1|1,4,3|1,3|1,3|1,3|1,3|1,3|1,3|1|1|1|1|1|1|1|1|1|1|1|1|1|1|1|1|1|1|1|1|1|1|1|1|1|1|1|1|1|1|1|1|1|1|1|1|1|1|1|1|1|1|1|1|1|1|1|1|1|1|1|1|1|1|1|1|1|1|1|1|1|1|1|1|1|1|1|1|1|1|1|1|1|1|1|1|1|1|1|1|1|1|1|1|1|1|1|1|1|1|1|1|1|1|1|1|1|1|1|1|1|1|1|1|1|1|1|1|1|1|1|1|1|1|1|1|1|1|1|1|1|1|1|1|1|1|1|1|1|1|1|1|
