SU_A23
54*35|6|0
2.1786*3.3547|0|0
-160,-30
Border: Solid
0,22,27|0,27,27|0,40,26|



0

1|1|1|1|1|1|1|1|1|1|1|1|1|1|1|1|1|1|1|1|1|1|1|1|1|1|1|1|1|1|1|1|1|1|1|1|1|1|1|1|1|1|1|1|1|1|1|1|1|1|1|1|1|1|1|1|1|1,3|1,3|1,3|1,3|1,3|1,3|1,3|1,3|1,3|1,3|1,3|1,3|1,4,3|1|1|1|1|1|1|1|1|1|1|1|1|1|1|1|1|1|1|1|1|1|1|1,3|1|1|1|1|1|1|1|1|1|1|1|1|1|1|1|1|1|1|1|1|1|1|1|1|1|1|1|1|1|1|1|1|1|1|1,3|1|1|1|1|1|1|1|1|1|1|1|1|1|1|1|1|1|1|1|1|1|1|1|1|1|1|1|1|1|1|1|1|1|1|1,3|1|1|1|1|1|1|1|1|1|1|1|1|1|1|1|1|1|1|1|1|1|1|1|1|1|1|1|1|1|1|1|1|1|1|1,3|1|1|1|1|1|1|1|1|1|1|1|1|1|1|1|1|1|1|1|1|1|1|1|1|1|1|1|1|1|1|1|1|1|1|4,3,6|1|1|1|1|1|1|1|1|1|1|1|1|1|1|1|1|1|1|1|1|1|1|1|1|1|1|1|1|1|1|1|1|1|1|0,6|1|1|1|1|1|1|1|1|1|1|1|1|1|1|1|1|1|1|1|1|1|1|1|1|1|1|1|1|1|1|1|2,6|0,6|0,6|0,6|0,6|2,6|1|1|1|1|1|1|1|1|1|1|1|1|1|1|1|1|1|1|1|1|1|1|1|1|1|1|1|1|1|0,6|0,6|0,6|0,6|0,6|0,6|0,6|2,6|1|1|1|1|1|1|1|1|1|1|1|1|1|1|1|1|1|1|1|1|1|1|1|1|1|1|0,6|0,6|0|0|0|0|0,6|0,6|0,6|1|1|1|1|1|1|1|1|1|1|1|1|1|1|1|1|1|1|1|1|1|1|1|1|1|1|0,6|0|0|0|0|0|0|0,6|0,6|1|1|1|1|1|1|1|1|1|1|1|1|1|1|1|1|1|1|1|1|1|1|1|1|1|1|0,6|0|0|0|0|0|0|0,6|0,6|2,6|1|1|1|1|1|1|1|1|1|1|1|1|1|1|1|1|1|1|1|1|1|1|1|1|1|1|0|0|0|0|0|0|0|0,6|0,6|1|1|1|1|1|1|1|1|1|1|1|1|1|1|1|1|1|1|1|1|1|1|1|1|1|1|0|0|0|0|0|0|0|0|0,6|1|1|1|1|1|1|1|1|1|1|1|1|1|1|1|1|1|1|1|1|1|1|1|1|1|1|0,6|0|0|0|0|0|0|0|0,6|1|1|1|1|1|1|1|1|1|1|1|1|1|1|1|1|1|1|1|1|1|1|1|1|1|1|0,6|0|0|0|0|0|0|0|0,6|1|1|1|1|1|1|1|1|1|1|1|1|1|1|1|1|1|1|1|1|1|1|1|1|1|1|0,6|0|0|0|0|0|0|0,6|0,6|1|1|1|1|1|1|1|1|1|1|1|1|1|1|1|1|1|1|1|1|1|1|1|1|1|2,6|0,6|0|0|0|0|0|0|0,6|2,6|1|1|1|1|1|1|1|1|1|1|1|1|1|1|1|1|1|1|1|1|1|1|1|1|1|0,6|0|0|0|0|0|0|0|0,6|1|1|1|1|1|1|1|1|1|1|1|1|1|1|1|1|1|1|1|1|1|1|1|1|1|1|0,6|0|0|0|0|0|0|0|0,6|1|1|1|1|1|1|1|1|1|1|1|1,3|1|1|1|1|1|1|1|1|1|1|1|1|1|2,6|0,6|0|0|0|0|0|0|0|0,6|1|1|1|1|1|1|1|1|1|1,3|1|1,3|1|1,9,3|1|1|1|1|1|1|1|1|1|1|1|0,6|0,6|0|0|0|0|0|0|0|0,6|1|1|1|1|1|1|1|1|1|1,3|1|1,3|1|1,3|1|1|1|1|1|1|1|1|1|1|1|0,6|0,6|0|0|0|0|0|0|0|0,6|1|1|1|1|1|1|1|1|1|1,3|1|1,3|1|1,3|1|1|1|1|1|1|1|1|1|1|1|1|0,6|0|0|0|0|0|0|0|0,6|3,6|4,3,6|1,3|1,9,3|1|1|1|1|1|1,3|1|1,3|1|1,3|1|1|1|1|1|1|1|1|1|1|1|1|0,6|0|0|0|0|0|0|0|0,6|1|1|1|1|1|1|1|1|1|1,3|1|1,3|1|1,3|1|1|1|1|1|1|1|1|1|1|1|1|2,6|0,6|0|0|0|0|0|0,6|0,6|1|1|1|1|1|1|1|1|1|4,3,6|1|4,3,6|1|4,3,6|1|1|1|1|1|1|1|1|1|1|1|1|1|0,6|0|0|0|0|0|0,6|0,6|1|1|1|1|1|1|1|1|1|0,6|1|0,6|1|0,6|1|1|1|1|1|1|1|1|1|1|1|1|1|0|0|0|0|0|0|0,6|2,6|1|1|1|1|1|1|1|1|0|0|0|0|0|0|0|2,6|1|0|1|2,6|0,6|2,6|1|1|1|2,6|0|0|0|0|0|0|0|0,6|1|1|1|1|1|1|1|1|1|0|0|0|0|0|0|0|0,6|1|0|1|0|0|0|0,6|0|0|0|0|0|0|0|0|0|0|0,6|1|1|1|1|1|1|1|1|1|0|0|0|0|0|0|0|0,6|1|0|1|0|0|0|0|0|0|0|0|0|0|0|0|0|0|0,6|1|1|1|1|1|1|1|1|1|0|0|0|0|0|0|0|0|1|0|1|0|0|0|0|0|0|0|0|0|0|0|0|0|0,6|0,6|1|1|1|1|1|1|1|1|1|0|0|0|0|0|0|0|0|3,6|0,6|0,6|0|0|0|0|0|0|0|0|0|0|0|0|0|0,6|1|1|1|1|1|1|1|1|1|1|0|0|0|0|0|0|0|0|3,1,6|0,1,6|0,1,6|0,1|0,1|0,1|0,1|0,1|0,1|0,1|0,1|0,1|0,1|0,1|0,1|0|0,6|1|1|1|1|1|1|1|1|1|1|0|0|0|0|0|0|0|0|3,6|0,6|0,6|0|0|0|0|0|0|0|0|0|0|0|0|0,6|0,6|1|1|1|1|1|1|1|1|1|1|0|0|0|0|0|0|0|0|1|0|1|0|0|0|0|0|0|0|0|0|0|0|0,6|0,6|0,6|0,6|1|1|1|1|1|1|1|1|1|0|0|0|0|0|0|0|0|1|0|1|0|0|0|0|0|0|0|0|0|0|0|0|0,6|0,6|0,6|1|1|1|1|1|1|1|1|1|0|0|0|0|0|0|0|0,6|1|0|1|0|0|0|0|0|0,6|0,6|0|0|0|0|0|0|0,6|0,6|1|1|1|1|1|1|1|1|1|0|0|0|0|0|0|0|2,6|1|0|1|2,6|0,6|0,6|2,6|1|1|1|2,6|0|0|0|0|0|0|0,6|1|1|1|1|1|1|1|1|1|1|1|2,6|0,6|0,6|2,6|1|1|1|1|1|1|1|1|1|1|1|1|1|0,6|0|0|0|0|0|0,6|1|1|1|1|1|1|1|1|1|1|1|1|1|0,6|1|1|1|1|1|1|1|1|1|1|1|1|1|1|0,6|0|0|0|0|0|0,6|2,6|1|1|1|1|1|1|1|1|1|1|1|1|4,3,6|1|1|1|1|1|1|1|1|1|1|1|1|1|1|0|0|0|0|0|0|0,6|0,6|1|1|1|1|1|1|1|1|1|1|1|1|1,3|1|1|1|1|1|1|1|1|1|1|1|1|1|1|0|0|0|0|0|0|0,6|0,6|1|1|1|1|1|1|1|1|1|1|1|1|1,3|1|1|1|1|1|1|1|1|1|1|1|1|1|1|0|0|0|0,6|0,6|0,6|0,6|0,6|1|1|1|1|1|1|1|1|1|1|1|1|1,3|1|1|1|1|1|1|1|1|1|1|1|1|1|1|2,6|0,6|0,6|2,6|1|1|0,6|1|1|1|1|1|1|1|1|1|1|1|1|1|1,3|1|1|1|1|1|1|1|1|1|1|1|1|1|1|1|1|1|1|1|1|4,3,6|1|1|1|1|1|1|1|1|1|1|1|1|1|1,3|1|1|1|1|1|1|1|1|1|1|1|1|1|1|1|1|1|1|1|1|1,3|1|1|1|1|1|1|1|1|1|1,4,3|1,3|1,3|1,3|1,3|1|1|1|1|1|1|1|1|1|1|1|1|1|1|1|1|1|1|1|1|1,3|1|1|1|1|1|1|1|1|1|1|1|1|1|1|1|1|1|1|1|1|1|1|1|1|1|1|1|1|1|1|1|1|1|1|1,3|1|1|1|1|1|1|1|1|1|1|1|1|1|1|1|1|1|1|1|1|1|1|1|1|1|1|1|1|1|1|1|1|1|1|1,3|1|1|1|1|1|1|1|1|1|1|1|1|1|1|1|1|1|1|1|1|1|1|1|1|1|1|1|1|1|1|1|1|1|1|1,3|1|1|1|1|1|1|1|1|1|1|1|1|1|1|1|1|1|1|1|1|1|1|1|1|1|1|1|1|1|1|1|1|1|1|1,4,3|1|1|1|1|1|1|1|1|1|1|1|1|1|1|1|1|1|1|1|1|1|1|1|1|1|1|1|1|1|1|1|1|1|1|1|1|1|1|1|1|1|1|1|1|
