SU_A24
54*35|10|1
2.7351*6.4435|0|0
-160,-30
Border: Solid
1,6,21|0,28,24|1,29,24|



0

1|1|1|1|1|1|1|1|1|1|1|1|1|1|1|1|1|1|1|1|1|1|1|1|1|1|1|1|1|1|1|1|1|1|1|1|1|1|1|1|1|1|1|1|1|1|1|1|1|1|1|1|1|1|1|1|1|1|1|1|1|1,4,3|1|1|1|1|1|1|1|1|1|1|1|1|1|1|1|1|1|1|1|1|1|1|1|1|1|1|1|1|1|1|1|1|1|1|1,3|1|1|1|1|1|1|1|1|1|1|1|1|1|1|1|1|1|1|1|1|1|1|1|1|1|1|1|1|1|1|1|1|1|1|1,3|1|1|1|1|1|1|1|1|1|1|1|1|1|1|1|1|1|1|1|1|1|1|1|1|1|2,6|0,6|0,6|2,6|1|1|1|1|1|1,3|1|1|1|1|1|1|1|1|1|1|1|1|1|1|1|1|1|1|1|1|1|1|1|2,6|0,6|0,6|0,6|0,6|0,6|1|1|1|1|1|1,3|1|1|1|1|1|1|1|1|1|1|1|1|1|1|1|1|1|1|1|1|1|1|0,6|0,6|0,6|0,6|0,6|0,6|0,6|0,6|1|1|1|1|1,3|1|1|1|1|1|1|1|1|1|1|1|1|1|1|1|1|1|1|1|1|2,6|0,6|0,6|0,6|0|0|0|0,6|0,6|2,6|1|1|1|1|1,3|1|1|1|1|1|1|1|1|1|1|1|1|1|1|1|1|1|1|1|1|0,6|0,6|0,6|0,6|0|0|0|0,6|0,7,6|1|1|1|1|1|1,3|1|1|1|1|1|1|1|1|1|1|1|1|1|1|1|1|1|1|1|1|0,6|0,6|0,6|0,6|0|0|0|0|0,7,6|1|1|1|1|1|1,3|1|1|1|1|1|1|1|1|1|1|1|1|1|1|1|1|1|1|1|1|0,6|0,6|0,6|0,6|0|0|0|0|0,6|2,6|1|1|1|1|1,3|1|1|1|1|1|1|1|1|1|1|1|1|1|1|1|1|1|1|1|2,6|0,6|0,6|0|0|0|0|0|0|0,6|0,6|1|1|1|1|1,3|1|1|1|1|1|1|1|1|1|1|1|1|1|1|1|1|1|1|1|0,6|0|0|0|0|0|0|0|0|0,6|0,6|2,6|1|1|1|1,3|1|1|1|1|1|1|1|1|1|1|1|1|1|1|1|1|1|1|1|0,6|0|0|0|0|0|0|0|0|0|0,6|0,6|1|1|1|1,3|1|1|1|1|1|1|1|1|1|1|1|1|1|1|1|1|1|1|1|0,6|0,6|0|0|0|0,1|0,1|0,1|0,1|0,1|0,1,6|0,1,6|3,1,6|4,3,6|1,3|1,3|1|1|1|1|1|1|1,5,3|1|1|1|1|1|1|1|1|1|1|1|1|2,6|0,6|0|0|0|0|0|0|0|0|0,6|0,6|1|1|1|1|1|1|1|1|1|1|1,3|1|1|1|1|1|1|1|1|1|1|1|1|1|0,6|0|0|0|0|0|0|0|0|0,6|2,6|1|1|1|1|1|1|1,3|1,3|1,3|1|1,3|1|1|1|1|1|1|1|1|1|1|1|1|1|0,6|0|0|0|0|0|0|0|0|0,7,6|1|1|1|1|1|1|1|1,3|1|1,3|1|1,3|1|1|1|1|1|1|1|1|1|1|1|1|1|0,6|0|0|0|0|0|0|0|0|0,7,6|1|1|1|1|1|1|1|4,3,3,6|1|1,3|1,3|1,3|1|1|1|1|1|1|1|1|1|1|1|1|2,6|0|0|0|0|0|0|0|0|0|0,6|2,6|1|1|1|1|1|1|3,6|1|1|1|1|1|0,6|2,11,6|1|1|1|1|1|1|1|2,6|0,6|0,6|0|0|0|0|0|0|0|0|0|0|0,6|2,6|1|1|1|2,6|0,6|0,6|0,6|2,6|1|1|1|0|0,11,6|1|0|1|0,6|0,6|0,6|0,6|0,6|0|0|0|0|0|0|0|0|0|0|0|0|0|0,6|1|0|1|0|0|0|0|0|0,6|0,6|0,6|0|0,11,6|1|0|1|0|0|0|0|0|0|0|0|0|0|0|0|0|0|0|0|0|0|0,6|1|0|3,6|0|0|0|0|0|0|0|0|0|0,11|1|0|1|0|0|0|0|0|0|0|0|0|0|0|0|0|0|0|0|0|0|0|3,6|0|1|0|0|0|0|0|0|0|0|0|0,11|1|0|1|0|0|0|0|0|0|0|0|0|0|0|0|0|0|0|0|0|0|0|1|0|1|0|0|0|0|0|0|0|0|0|0|1|1|1|0|0|0|0|0|0|0|0|0|0|0|0|0|0|0|0|0|0|0|1|1|1|0|0|0|0|0|0|0|0|0,1|0,1,11|1|1|1|0,1|0,1|0,1|0,1|0,1|0,1|0,1|0,1|0,1|0,1|0,1|0,1|0,1|0,1|0,1|0,1|0,1|0,1|0,1|1|1|1|0|0|0|0|0|0|0|0|0|0,11|1|1|1|0|0|0|0|0|0|0|0|0|0|0|0|0|0|0|0|0|0|0|1|1|1|0|0|0|0|0|0|0|0|0|0|1|0|1|0|0|0|0|0|0|0|0|0|0|0|0|0|0|0|0|0|0|0|1|0|3,6|0|0|0|0|0|0|0|0|0|0,11|1|0|1|0|0|0|0|0|0|0|0|0|0|0|0|0|0|0|0|0|0|0|1|0|1|0|0|0|0|0|0|0|0|0|0,11,6|1|0|1|0|0|0|0|0|0|0|0|0|0|0|0|0|0|0|0|0|0|0,6|3,6|0|1|0|0|0|0|0|0|0|0,6|0,6|0,11,6|1|0,6|1|0,6|0,6|0,6|0,6|0|0|0|0|0|0|0|0|0|0|0|0|0|0|0,6|1|0,6|1|0,6|0,6|0|0|0|0|0,6|0,6|0,6|0,11,6|1|1|1|1|1|1|2,6|0,6|0,6|0|0|0|0|0|0|0|0|0|0|0|1|1|1|1|1|1|2,6|0,6|0,6|0,6|0,6|2,6|1|1|1|1|1|1|1|1|1|1|2,6|0,6|0,6|0|0|0|0|0|0|0|0|0|0|2,6|1|1|1|1|1|1|1|3,6|1|1|1|1|1|1|1|1|1|1|1|1|1|1|1|2,6|0|0|0|0|0|0|0|0|0|0|0,6|1|1|1|1|1|1|1|4,3,3,6|1|1|1|1|1|1|1|1|1|1|1|1|1|1|1|1|0,6|0|0|0|0|0|0|0|0|0|0,6|1|1|1|1|1|1|1|1,3|1|1|1|1|1,3|1,3|1,3|1,3|1,3|1,3|1,3|1,3|1,3|1,3|4,3,6|0,1,8,6|0,1,6|0,1|0|0|0|0|0,7|1|1|1|1|1|1|1|1|1|1|1|1,3|1|1|1|1|1|1|1|1|1|1|1|1|1|1|1|1|0,6|0|0|0|0|0|0,7|1|1|1|1|1|1|1|1|1|1|1|1,9,3|1|1|1|1|1,4,3|1,3|1,3|1,3|1,3|1,3|1,3|1,3|1,3|1,3|4,3,1,6|0,1,8,6|0,1,6|0,1,6|0,1|0|0|0|0,7|1|1|1|1|1|1|1|1|1|1|1|1|1|1|1|1|1|1|1|1|1|1|1|1|1|1|1|1|0,6|0,6|0|0|0|0|0,7|1|1|1|1|1|1|1|1|1|1|1|1|1|1|1|1|1|1,12,3|1,3|1,3|1,3|1,3|1,3|1,3|1,3|1,3|4,3,6|0,1,8,6|0,1,6|0,1|0|0|0|0|0,7|1|1|1|1|1|1|1|1|1|1|1|1|1|1|1|1|1|1|1|1|1|1|1|1|1|1|1|1|0,6|0|0|0|0|0|0|0|0|2,6|1|1|1|1|1|1|1|1|1|1|1|1|1|1|1|1|1|1|1|1|1|1|1|1|2,6|0|0|0|0|0|0|0|0|0|0,6|1|1|1|1|1|1|1|1|1|1|1|1|1|1|1|1|1|1|1|1|1|1|1|1|0,6|0|0|0,6|0|0|0|0|0|0,6|0,6|1|1|1|1|1|1|1|1|1|1|1|1|1|1|1|1|1|1|1|1|1|1|1|1|0,6|0,6|2,6|1|2,6|0,6|0,6|0,6|0,6|2,6|1|1|1|1|1|1|1|1|1|1|1|1|1|1|1|1|1|1|1|1|1|1|1|1|1|1|1|1|1|1|1|1|1|1|1|1|1|1|1|1|1|1|1|1|1|1|1|1|1|1|1|1|1|1|1|1|1|1|1|1|1|1|1|1|1|1|1|1|1|1|1|1|1|1|1|1|1|1|1|1|1|1|1|1|1|1|1|1|1|1|1|1|1|1|1|1|1|1|1|1|1|1|1|1|1|1|1|1|1|1|1|1|1|1|1|1|1|1|1|1|1|1|1|1|1|1|1|1|1|1|1|1|1|1|1|1|1|1|1|1|1|1|1|1|1|1|1|1|1|1|1|1|1|1|1|1|1|1|1|1|1|1|1|1|1|1|1|1|1|1|1|1|1|1|1|1|1|1|1|1|1|1|1|1|1|1|1|1|1|1|1|1|1|1|1|1|1|1|1|1|1|1|1|1|1|1|1|1|1|1|1|1|1|1|1|1|1|1|1|1|1|1|1|1|1|1|1|1|1|1|1|1|1|1|1|1|1|1|1|1|1|1|1|1|1|1|1|1|1|1|1|1|1|1|1|1|1|1|1|1|1|1|1|1|1|1|1|1|1|1|1|1|1|1|1|1|1|1|1|1|1|1|1|1|1|1|1|1|1|1|1|1|1|1|1|1|1|1|1|1|1|1|1|1|1|1|1|1|1|1|1|1|1|1|1|1|1|1|1|1|1|1|1|1|1|1|1|1|1|
